0 1 8 27 64 125 216 343 512 729 
0 31 68 117 184 275 396 553 752 0 
0 61 128 207 304 425 576 763 -4003 0 
0 91 188 297 424 575 756 -24002 39842 0 
0 121 248 387 544 725 -123939 419008 -478588 0 
0 151 308 477 664 -623500 3.21412e+006 -6.78371e+006 6.40233e+006 0 
0 181 368 567 -3.12109e+006 2.16854e+007 -6.59631e+007 1.09136e+008 -9.15395e+007 0 
0 211 428 -1.56087e+007 1.3652e+008 -5.40589e+008 1.24777e+009 -1.76973e+009 1.36953e+009 0 
0 241 -7.80464e+007 8.23079e+008 -4.00967e+009 1.17868e+010 -2.27816e+010 2.90141e+010 -2.11745e+010 0 
0 -3.90234e+008 4.81781e+009 -2.78463e+010 9.91362e+010 -2.40037e+011 4.09039e+011 -4.80907e+011 3.35641e+011 0 
0 2.76012e+010 -1.84543e+011 7.70387e+011 -2.23164e+012 4.70121e+012 -7.28607e+012 8.05156e+012 -5.42531e+012 0 
0 -1.17112e+012 5.65083e+012 -1.90144e+013 4.74428e+013 -8.98994e+013 1.29338e+014 -1.36021e+014 8.90856e+013 0 
0 3.87943e+013 -1.51785e+014 4.36598e+014 -9.71554e+014 1.693e+015 -2.29365e+015 2.31631e+015 -1.48187e+015 0 
0 -1.10807e+015 3.74303e+015 -9.54607e+015 1.9392e+016 -3.1563e+016 4.06894e+016 -3.97244e+016 2.49184e+016 0 
0 2.86878e+016 -8.6958e+016 2.0159e+017 -3.80073e+017 5.84474e+017 -7.22642e+017 6.85559e+017 -4.22888e+017 0 
0 -6.9298e+017 1.93401e+018 -4.14946e+018 7.35098e+018 -1.07738e+019 1.28539e+019 -1.18977e+019 7.23378e+018 0 
0 1.59069e+019 -4.16183e+019 8.37701e+019 -1.40775e+020 1.97989e+020 -2.29043e+020 2.07518e+020 -1.24592e+020 0 
0 -3.51253e+020 8.7295e+020 -1.6659e+021 2.67577e+021 -3.63099e+021 4.08892e+021 -3.63584e+021 2.15892e+021 0 
0 7.52603e+021 -1.79423e+022 3.27367e+022 -5.05664e+022 6.65024e+022 -7.31344e+022 6.39617e+022 -3.76095e+022 0 
0 -1.57446e+023 3.62794e+023 -6.37174e+023 9.51294e+023 -1.21703e+024 1.31053e+024 -1.12938e+024 6.58294e+023 0 
